      id churn
1      1     0
2    250     0
3    308     0
4    413     0
5    525     0
6    803     0
7    894     0
8      2     0
9    332     0
10   433     0
11   474     0
12   847     0
13   963     0
14   968     0
15     3     0
16   147     0
17   290     0
18   337     0
19   393     0
20     4     0
21   179     0
22   193     0
23   233     0
24     5     0
25   737     0
26   793     0
27   838     0
28     6     0
29   684     0
30   718     0
31     7     0
32   237     0
33   404     0
34     8     1
35   698     1
36   724     0
37    10     0
38   285     0
39   641     0
40    11     0
41    86     0
42   376     0
43   689     0
44   758     1
45   889     0
46    12     0
47   145     0
48   410     0
49   544     0
50    13     0
51   583     0
52   835     0
53    14     0
54    96     0
55   788     0
56   924     0
57    15     0
58    43     0
59    91     0
60   446     0
61    16     0
62   181     0
63   289     0
64   378     1
65   406     0
66   547     0
67   784     0
68    17     0
69   189     0
70   399     0
71   482     0
72   822     0
73    18     0
74   262     0
75   817     0
76   832     0
77    19     0
78   260     0
79   997     0
80    20     0
81    81     0
82   229     0
83   839     0
84    21     0
85    56     0
86   840     0
87    22     0
88   183     0
89    23     0
90   186     0
91   397     1
92   676     0
93   760     0
94    24     0
95   344     0
96   534     0
97   980     0
98    25     0
99   303     0
100  343     0
101  395     0
102  925     0
103  988     0
104   26     1
105  483     0
106  522     0
107   27     0
108  132     0
109   28     0
110  335     0
111  506     0
112  643     0
113   29     0
114  304     0
115  704     0
116  871     0
117  872     0
118   32     0
119  466     0
120  524     0
121  567     0
122  683     0
123   34     0
124  264     0
125  279     0
126  896     0
127   35     0
128  105     0
129  356     0
130  460     0
131  568     0
132  726     0
133  789     0
134  865     0
135  902     0
136  951     0
137   37     0
138  138     0
139  293     0
140   38     0
141  614     0
142  633     0
143   39     0
144  224     0
145  550     0
146   40     0
147   64     0
148  463     0
149  521     0
150   41     0
151   42     0
152  347     0
153  566     1
154  746     0
155  885     0
156   99     0
157  424     0
158  442     0
159  459     0
160  571     0
161  613     0
162  807     0
163   44     0
164   84     0
165  106     0
166  257     0
167  883     0
168   45     0
169  191     0
170  222     0
171  265     0
172  631     0
173  681     0
174  853     0
175   47     0
176  207     0
177  296     0
178  546     0
179  866     0
180   48     0
181  161     0
182  665     0
183   49     0
184  640     1
185  816     0
186   50     0
187  160     0
188  669     0
189   51     0
190  284     0
191  313     0
192   52     0
193  371     0
194  973     0
195   53     0
196  270     0
197  407     0
198  748     0
199   54     0
200  230     0
201  445     0
202  587     0
203  644     0
204  651     0
205  936     0
206  961     0
207  964     0
208   55     0
209  320     0
210  804     0
211  476     0
212  755     0
213  919     0
214   57     1
215  730     0
216  754     0
217   58     0
218   85     0
219  259     0
220  609     0
221  975     0
222   59     0
223  278     0
224  360     0
225   60     0
226  454     0
227  589     0
228   61     0
229  170     0
230  184     0
231  215     0
232  365     0
233  426     0
234  707     0
235  828     1
236   62     0
237  548     0
238   63     0
239  294     0
240  479     0
241  671     0
242  473     0
243  497     0
244  642     0
245  914     0
246  942     0
247  999     0
248   65     0
249  358     0
250   66     0
251  491     0
252   67     0
253  326     0
254   68     0
255  310     0
256  531     0
257  717     0
258  852     0
259  882     0
260  960     0
261   69     0
262  172     0
263  331     0
264  416     0
265  552     0
266   71     0
267  453     0
268  607     0
269  732     0
270  994     0
271   72     0
272  245     0
273  428     0
274  943     0
275   73     0
276   97     0
277  255     0
278  570     0
279   74     0
280  238     0
281   75     0
282  412     0
283   76     0
284  235     0
285  271     0
286  532     0
287  722     0
288  927     0
289   77     0
290  286     0
291  638     0
292  736     0
293   78     0
294  216     0
295  351     0
296  526     0
297  745     0
298  911     0
299  971     0
300   79     0
301   80     1
302  970     0
303   82     0
304  814     0
305   83     0
306  288     0
307  556     0
308  595     0
309  456     0
310  560     1
311  563     0
312  976     0
313   98     0
314  249     0
315  802     0
316  149     0
317  661     0
318  953     0
319   87     0
320  312     0
321  630     0
322  696     0
323  740     0
324   88     0
325  682     0
326  864     0
327   89     0
328  400     0
329  947     0
330   90     0
331  208     0
332  354     0
333  744     0
334  467     0
335  946     0
336   92     0
337  195     0
338  932     1
339   93     0
340  402     0
341  411     0
342   94     0
343  321     0
344  670     0
345   95     0
346  931     0
347  766     0
348  129     0
349  458     0
350  116     0
351  336     0
352  422     0
353  493     0
354  877     0
355  281     0
356  826     0
357  907     0
358  100     0
359  101     0
360  352     0
361  364     0
362  414     0
363  102     0
364  190     0
365  618     0
366  103     0
367  887     0
368  104     0
369  635     0
370  182     0
371  772     0
372  380     0
373  488     0
374  510     0
375  662     0
376  107     0
377  520     0
378  109     0
379  584     0
380  597     0
381  110     0
382  267     0
383  388     0
384  111     0
385  338     0
386  862     0
387  933     0
388  112     0
389  691     0
390  998     0
391  113     0
392  763     0
393  114     0
394  475     0
395  790     0
396  898     0
397  115     0
398  420     0
399  494     0
400  819     0
401  440     0
402  535     0
403  692     0
404  886     0
405  117     0
406  437     0
407  876     0
408  118     0
409  219     0
410  798     0
411  119     0
412  156     0
413  672     0
414  731     0
415  825     0
416  120     0
417  972     0
418  981     0
419  121     0
420  551     0
421  842     0
422  122     0
423  349     0
424  527     0
425  529     0
426  650     0
427  770     0
428  123     0
429  150     0
430  377     0
431  811     0
432  922     0
433  124     0
434  617     0
435  125     0
436  130     0
437  523     0
438  742     0
439  880     0
440  126     0
441  409     0
442  539     0
443  127     0
444  937     0
445  128     0
446  152     0
447  159     0
448  448     0
449  591     0
450  317     0
451  702     0
452  831     0
453  131     0
454  324     0
455  472     0
456  492     0
457  659     0
458  436     0
459  133     0
460  168     0
461  515     0
462  538     0
463  134     0
464  135     0
465  329     0
466  714     0
467  136     0
468  706     0
469  137     0
470  139     0
471  241     0
472  912     0
473  140     1
474  141     0
475  660     0
476  142     0
477  470     0
478  735     0
479  773     0
480  143     0
481  282     0
482  705     0
483  930     0
484  144     0
485  300     1
486  625     0
487  715     0
488  319     0
489  774     0
490  146     0
491  610     0
492  741     0
493  375     0
494  148     0
495  909     0
496  383     0
497  585     0
498  593     0
499  874     0
500  178     0
501  545     0
502  873     0
503  487     0
504  153     0
505  768     0
506  154     1
507  868     0
508  995     0
509  155     0
510  269     0
511  860     0
512  645     0
513  157     0
514  425     0
515  849     0
516  158     0
517  342     0
518  620     0
519  514     0
520  553     0
521  162     0
522  549     0
523  163     0
524  239     0
525  540     0
526  164     0
527  537     0
528  795     0
529  800     0
530  165     0
531  391     0
532  761     0
533  891     0
534  166     0
535  333     0
536  427     0
537  581     0
538  982     1
539  167     0
540  855     0
541  398     0
542  169     0
543  890     0
544  171     0
545  176     0
546  679     0
547  884     0
548  796     0
549  173     0
550  174     0
551  211     0
552  274     0
553  403     0
554  734     0
555  812     0
556  175     0
557  511     0
558  302     0
559  363     0
560  177     0
561  204     0
562  246     0
563  251     0
564  283     0
565  465     0
566  557     0
567  664     0
568  915     0
569  242     0
570  637     0
571  180     0
572  273     0
573  569     0
574  185     0
575  305     0
576  277     0
577  187     0
578  341     0
579  188     0
580  439     0
581  590     0
582  867     1
583  989     0
584  192     0
585  419     0
586  464     0
587  673     0
588  194     0
589  372     0
590  863     0
591  196     0
592  810     0
593  197     0
594  601     0
595  666     0
596  198     0
597  401     0
598  716     0
599  719     0
600  771     0
601  199     1
602  594     0
603  200     0
604  756     0
605  201     0
606  381     0
607  688     0
608  202     0
609  979     0
610  205     0
611  498     0
612  206     0
613  253     0
614  818     0
615  859     0
616  236     0
617  879     0
618  209     0
619  906     0
620  210     1
621  261     0
622  384     0
623  212     0
624  346     0
625  443     0
626  451     0
627  752     0
628  213     0
629  214     0
630  674     0
631  322     0
632  543     0
633  881     1
634  217     0
635  218     0
636  220     0
637  221     0
638  649     0
639  957     0
640  918     0
641  920     0
642  223     0
643  675     0
644  809     1
645  394     0
646  854     0
647  225     0
648  227     0
649  658     0
650  228     0
651  307     0
652  695     0
653  791     0
654  905     0
655  231     0
656  449     0
657  452     0
658  232     0
659  769     0
660  234     0
661  700     0
662  929     0
663  503     0
664  517     0
665  240     0
666  297     0
667  808     0
668  243     0
669  374     0
670  244     0
671  247     0
672  291     0
673  444     0
674  690     0
675  248     0
676  663     0
677  944     0
678  632     0
679  986     0
680  334     0
681  801     0
682  252     0
683  870     0
684  721     0
685  254     0
686  627     0
687  256     0
688  987     0
689  996     1
690  258     0
691  956     0
692  392     0
693  845     0
694  600     0
695  916     0
696  781     0
697  306     0
698  323     0
699  776     0
700  263     0
701  266     0
702  958     0
703  602     0
704  743     0
705  888     0
706  441     0
707  608     0
708  272     0
709  564     0
710  824     0
711  276     0
712  699     0
713  974     0
714  821     0
715  897     0
716  280     0
717  992     0
718  991     1
719  823     0
720  287     0
721  370     0
722  390     0
723  861     0
724  779     0
725  648     0
726  292     0
727  954     0
728  533     0
729  577     0
730  357     0
731  299     0
732  596     0
733  668     1
734  301     1
735  753     0
736  369     0
737  518     0
738  500     0
739  655     0
740  653     0
741  434     0
742  519     0
743  612     0
744  309     0
745  485     0
746  311     0
747  316     0
748  621     0
749  314     0
750  315     0
751  856     0
752  318     0
753  895     0
754  361     0
755  875     0
756  985     0
757  447     0
758  733     0
759  325     0
760  327     1
761  836     0
762  328     0
763  984     0
764  330     0
765  901     0
766  417     0
767  588     0
768  966     0
769  340     0
770  368     0
771  892     0
772  345     0
773  834     0
774  558     0
775  623     0
776  348     0
777  489     0
778  559     0
779  850     0
780  359     0
781  353     0
782  603     0
783  843     0
784  536     0
785  561     0
786  450     0
787  701     0
788  362     0
789  461     0
790  580     0
791  598     0
792  685     0
793  366     0
794  367     0
795  713     0
796  499     0
797  921     0
798  373     0
799  471     0
800  508     0
801  435     0
802  917     0
803  948     0
804  379     0
805  680     0
806  382     0
807  579     0
808  738     0
809  837     0
810  385     0
811  386     0
812  501     0
813  636     0
814  462     0
815  606     0
816  794     0
817  923     0
818  396     0
819  405     0
820  934     0
821  408     0
822  486     0
823  604     0
824  502     0
825  430     0
826  415     0
827  628     0
828  833     0
829  908     0
830  983     0
831  423     0
832  777     0
833  913     0
834  429     0
835  578     0
836  652     0
837  667     0
838  739     0
839  759     0
840  431     0
841  554     0
842  438     0
843  480     0
844  647     0
845  505     1
846  709     0
847  878     0
848  955     0
849  678     1
850  787     0
851  806     0
852  455     0
853  457     0
854  468     0
855  530     0
856  939     0
857  797     0
858  813     0
859  469     0
860  949     0
861  516     0
862  495     0
863  477     0
864  478     0
865  799     1
866  507     0
867  605     0
868  634     0
869  481     0
870  484     0
871  490     0
872  950     0
873  496     0
874  829     0
875  767     0
876  938     0
877  504     0
878  509     0
879  615     0
880  654     0
881  513     0
882  622     0
883  952     0
884  528     0
885  541     0
886  820     0
887  575     0
888  903     0
889  697     0
890  565     0
891  926     0
892  703     0
893  786     0
894  827     0
895  555     0
896  711     0
897  729     0
898  582     0
899  562     0
900  844     0
901  782     0
902  910     0
903  573     0
904  576     0
905  656     0
906  851     0
907  857     0
908  967     0
909  592     0
910  677     0
911  599     0
912  940     0
913  993     0
914  611     0
915  686     0
916  619     0
917  764     0
918  778     0
919  720     0
920  624     0
921  626     0
922  629     0
923  765     0
924  728     0
925  694     0
926  646     0
927  708     0
928  657     0
929  751     0
930  725     0
931  775     0
932  945     0
933  749     0
934  687     0
935  783     0
936  928     0
937  935     0
938  723     0
939  830     0
940  757     0
941  762     0
942  846     0
943  780     0
944  977     0
945  785     0
946  792     0
947  858     0
948  869     0
949  805     0
950  990     0
951  959     0
952  965     0
953  941     0
954  969     0
955  904     0
956 1000     0