     from   to
1       1  250
2       1  308
3       1  413
4       1  525
5       1  803
6       1  894
7       2  332
8       2  433
9       2  474
10      2  847
11      2  963
12      2  968
13      3  147
14      3  290
15      3  337
16      3  393
17    474    3
18      4  179
19      4  193
20      4  233
21      5  737
22      5  793
23      5  838
24      6  684
25      6  718
26      7  237
27      7  404
28      8  698
29      8  724
30     10  285
31     10  641
32     11   86
33    285   11
34     11  376
35     11  689
36     11  758
37     11  889
38     12  145
39     12  410
40     12  544
41     13  583
42     13  835
43     14   96
44     14  788
45     14  924
46     15   43
47     15   91
48     15  446
49     16  181
50     16  289
51     16  378
52     16  406
53     16  547
54     16  784
55     17  189
56     17  399
57     17  482
58     17  822
59     18  262
60    308   18
61     18  817
62     18  832
63     19  260
64     19  997
65     20   81
66     20  229
67     20  839
68     21   56
69     21  840
70     22  183
71     23  186
72     23  397
73     23  676
74     23  760
75     24  344
76     24  534
77     24  980
78     25  303
79     25  343
80     25  395
81     25  925
82     25  988
83     26  483
84     26  522
85     27  132
86     28  335
87     28  506
88     28  643
89     29  304
90     29  704
91     29  871
92     29  872
93     32  466
94     32  524
95     32  567
96     32  683
97    997   32
98     34  264
99     34  279
100    34  896
101    35  105
102    35  356
103    35  460
104    35  568
105    35  726
106    35  789
107    35  865
108    35  902
109    35  951
110   988   35
111    37  138
112    37  293
113   583   38
114    38  614
115    38  633
116    39  224
117    39  550
118    40   64
119   224   40
120    40  463
121    40  521
122   343   41
123    42  347
124    42  566
125    42  746
126    42  885
127    43   99
128    43  424
129    43  442
130    43  459
131    43  571
132    43  613
133   689   43
134    43  807
135    44   84
136    44  106
137    44  257
138    44  883
139    45  191
140    45  222
141    45  265
142    45  631
143    45  681
144    45  853
145    47  207
146    47  296
147    47  546
148   726   47
149    47  866
150    48  161
151    48  665
152    49  640
153    49  816
154    50  160
155    50  669
156    51  284
157    51  313
158    52  371
159    52  973
160    53  270
161    53  407
162    53  748
163    54  230
164   410   54
165    54  445
166    54  587
167    54  644
168    54  651
169    54  936
170    54  961
171    54  964
172    55  320
173    55  804
174    56  284
175    56  476
176    56  506
177    56  755
178    56  919
179   684   57
180    57  730
181    57  754
182    58   85
183    58  259
184    58  609
185    58  975
186   191   59
187    59  278
188    59  360
189   413   59
190    60  454
191    60  589
192   609   60
193   889   60
194    61  170
195    61  184
196    61  215
197    61  365
198    61  426
199    61  707
200    61  828
201    62  548
202    63  294
203    63  479
204    63  671
205    64  473
206    64  497
207    64  642
208    64  914
209    64  942
210    64  999
211    99   65
212    65  358
213    66  491
214   669   66
215    67  326
216    68  310
217    68  531
218    68  717
219    68  852
220    68  882
221    68  960
222    69  172
223    69  331
224    69  416
225    69  552
226   643   69
227    71  453
228    71  607
229    71  732
230    71  994
231    72  245
232    72  428
233    72  943
234    73   97
235    73  255
236   279   73
237    73  570
238    74  238
239    75  412
240    76  235
241    76  271
242    76  532
243    76  722
244    76  927
245   964   76
246   238   77
247    77  286
248    77  638
249    77  736
250    78  216
251    78  351
252    78  526
253    78  745
254    78  911
255   927   78
256    78  971
257   179   79
258    80  970
259    81  839
260   707   82
261    82  814
262    83  288
263    83  556
264    83  595
265    84  456
266    84  560
267    84  563
268    84  976
269    85   98
270    85  249
271    85  609
272    85  802
273    86  149
274    86  661
275    86  689
276    86  788
277    86  953
278    87  312
279    87  630
280    87  696
281    87  740
282   793   87
283   286   88
284   459   88
285   633   88
286    88  682
287    88  864
288    89  400
289   424   89
290   460   89
291    89  947
292    90  208
293    90  354
294   683   90
295    90  744
296    91  467
297    91  946
298    92  195
299   583   92
300    92  932
301    93  402
302    93  411
303   828   93
304    94  321
305    94  670
306   358   95
307   532   95
308    95  931
309    96  766
310    97  129
311    97  458
312   707   97
313   968   97
314    98  116
315   161   98
316    98  336
317    98  422
318    98  493
319    98  802
320    98  877
321    99  281
322    99  442
323    99  651
324    99  826
325    99  907
326   807  100
327   976  100
328   101  352
329   101  364
330   101  414
331   102  190
332   102  618
333   839  102
334   914  102
335   924  102
336   784  103
337   103  887
338   104  635
339   961  104
340   105  182
341   105  772
342   106  380
343   106  488
344   106  510
345   106  662
346   106  670
347   107  520
348   583  107
349   294  109
350   109  584
351   109  597
352   110  267
353   110  388
354   111  338
355   111  862
356   111  933
357   112  691
358   112  998
359   278  113
360   113  763
361   114  475
362   506  114
363   114  790
364   835  114
365   114  898
366   115  420
367   115  494
368   115  819
369   406  116
370   116  440
371   116  535
372   116  692
373   116  886
374   267  117
375   388  117
376   117  437
377   661  117
378   853  117
379   117  876
380   877  117
381   118  219
382   358  118
383   118  798
384   119  156
385   119  672
386   119  731
387   766  119
388   119  825
389   343  120
390   120  972
391   120  981
392   121  551
393   121  842
394   963  121
395   138  122
396   207  122
397   122  349
398   122  527
399   122  529
400   122  650
401   122  770
402   889  122
403   123  150
404   354  123
405   123  377
406   123  811
407   123  922
408   124  617
409   125  130
410   190  125
411   337  125
412   125  523
413   125  742
414   125  880
415   126  409
416   126  539
417   793  126
418   889  127
419   127  937
420   128  152
421   128  159
422   128  448
423   527  128
424   128  591
425   129  317
426   707  129
427   973  129
428   337  130
429   130  702
430   130  831
431   131  324
432   131  472
433   131  492
434   131  659
435   132  436
436   133  168
437   172  133
438   133  515
439   133  538
440   532  134
441   135  329
442   406  135
443   135  714
444   186  136
445   136  706
446   364  137
447   139  241
448   139  912
449   736  140
450   467  141
451   141  660
452   288  142
453   317  142
454   142  470
455   142  735
456   142  773
457   976  142
458   143  282
459   143  705
460   143  930
461   144  300
462   144  625
463   144  715
464   889  144
465   988  144
466   145  319
467   145  774
468   146  610
469   146  741
470   147  375
471   288  148
472   148  909
473   149  383
474   149  585
475   149  593
476   149  661
477   718  149
478   149  874
479   894  149
480   172  150
481   150  178
482   150  545
483   150  873
484   245  152
485   152  487
486   153  768
487   999  153
488   154  868
489   154  995
490   155  269
491   560  155
492   155  860
493   186  156
494   467  156
495   156  645
496   157  425
497   157  849
498   332  158
499   642  158
500   190  159
501   159  342
502   407  159
503   595  159
504   159  620
505   159  849
506   160  514
507   160  645
508   161  553
509   161  802
510   290  162
511   162  549
512   981  162
513   163  239
514   163  540
515   864  163
516   531  164
517   164  537
518   164  795
519   164  800
520   165  391
521   406  165
522   630  165
523   165  761
524   165  891
525   166  333
526   166  427
527   166  581
528   166  982
529   167  855
530   907  167
531   168  398
532   168  515
533   233  169
534   413  169
535   683  169
536   931  169
537   170  184
538   839  170
539   170  890
540   171  176
541   356  171
542   613  171
543   171  679
544   171  884
545   426  172
546   172  796
547   400  173
548   506  173
549   184  174
550   174  211
551   174  274
552   174  403
553   174  734
554   174  812
555   175  511
556   176  302
557   176  363
558   177  204
559   177  246
560   177  251
561   177  283
562   177  465
563   177  557
564   177  664
565   704  177
566   891  177
567   393  178
568   178  884
569   178  915
570   179  242
571   179  302
572   179  637
573   180  273
574   981  180
575   181  289
576   181  587
577   181  696
578   182  569
579   183  671
580   183  831
581   185  305
582   789  185
583   186  277
584   270  187
585   187  341
586   410  188
587   625  188
588   189  222
589   189  439
590   189  590
591   190  620
592   190  867
593   190  880
594   191  278
595   356  191
596   968  191
597   191  989
598   302  192
599   192  419
600   193  464
601   193  673
602   523  194
603   741  194
604   195  372
605   195  403
606   195  863
607   424  196
608   196  810
609   349  197
610   197  601
611   197  666
612   246  198
613   198  401
614   198  716
615   198  719
616   198  771
617   199  594
618   531  200
619   200  756
620   201  381
621   666  201
622   201  688
623   788  201
624   867  201
625   411  202
626   204  979
627   205  498
628   525  205
629   898  205
630   206  253
631   539  206
632   206  818
633   206  859
634   207  236
635   207  448
636   207  790
637   207  880
638   208  354
639   208  879
640   209  906
641   587  210
642   717  210
643   211  261
644   211  384
645   545  211
646   630  211
647   211  666
648   817  211
649   212  346
650   212  443
651   212  451
652   545  212
653   212  752
654   947  212
655   456  213
656   889  213
657   214  674
658   216  300
659   216  322
660   216  543
661   671  216
662   216  881
663   927  216
664   883  217
665   422  218
666   946  218
667   219  239
668   406  220
669   734  220
670   874  220
671   221  649
672   221  957
673   222  265
674   222  269
675   222  853
676   222  918
677   222  920
678   222  989
679   223  675
680   692  223
681   223  809
682   224  394
683   224  463
684   224  854
685   274  225
686   406  225
687   227  658
688   960  227
689   228  307
690   975  228
691   229  695
692   230  791
693   230  811
694   230  905
695   230  964
696   231  449
697   231  452
698   556  231
699   864  231
700   597  232
701   232  769
702   233  886
703   675  234
704   235  700
705   964  235
706   237  236
707   416  236
708   482  236
709   568  236
710   236  929
711   237  503
712   238  769
713   822  238
714   238  905
715   239  517
716   671  239
717   239  734
718   975  239
719   240  297
720   684  240
721   240  808
722   650  241
723   241  769
724   424  242
725   817  242
726   243  374
727   683  243
728   744  243
729   930  243
730   307  244
731   456  244
732   245  251
733   642  245
734   922  246
735   968  246
736   259  247
737   247  291
738   247  444
739   669  247
740   247  690
741   487  248
742   248  663
743   248  944
744   249  632
745   689  249
746   250  515
747   250  769
748   250  986
749   251  334
750   335  251
751   251  465
752   251  801
753   891  251
754   375  252
755   855  252
756   252  870
757   253  322
758   402  253
759   253  721
760   690  254
761   789  254
762   255  627
763   852  255
764   284  256
765   587  256
766   730  256
767   256  987
768   257  545
769   257  909
770   257  996
771   281  258
772   336  258
773   614  258
774   258  956
775   996  258
776   259  392
777   259  845
778   259  975
779   260  274
780   260  567
781   260  600
782   260  769
783   260  916
784   698  261
785   261  781
786   817  261
787   262  306
788   262  319
789   262  323
790   262  776
791   803  263
792   816  263
793   406  264
794   264  420
795   264  795
796   265  853
797   265  862
798   488  266
799   601  266
800   266  958
801   267  876
802   269  602
803   269  743
804   862  269
805   269  888
806   911  269
807   270  441
808   290  271
809   271  324
810   271  608
811   271  927
812   594  272
813   437  274
814   274  564
815   274  600
816   274  824
817   963  274
818   276  699
819   743  276
820   276  974
821   454  277
822   278  593
823   278  821
824   724  279
825   279  865
826   279  897
827   329  280
828   384  280
829   280  992
830   281  774
831   822  281
832   281  991
833   482  282
834   282  705
835   284  398
836   284  476
837   284  730
838   284  919
839   285  746
840   285  758
841   285  823
842   286  342
843   286  635
844   286  800
845   286  821
846   287  370
847   287  390
848   288  420
849   288  556
850   288  861
851   289  779
852   290  324
853   449  291
854   291  648
855   669  291
856   688  291
857   788  291
858   659  292
859   292  954
860   293  953
861   522  296
862   296  533
863   296  577
864   803  296
865   296  849
866   297  357
867   299  596
868   300  668
869   300  715
870   732  300
871   300  881
872   643  301
873   301  753
874   302  369
875   302  419
876   302  518
877   302  987
878   303  500
879   303  655
880   303  672
881   303  825
882   304  531
883   304  704
884   304  919
885   305  653
886   789  305
887   306  434
888   306  519
889   540  306
890   306  612
891   308  894
892   336  309
893   309  485
894   691  309
895   745  311
896   312  316
897   312  617
898   313  557
899   313  596
900   313  621
901   637  314
902   649  314
903   790  314
904   802  314
905   960  314
906   343  315
907   524  316
908   316  856
909   317  537
910   317  714
911   318  895
912   335  319
913   319  361
914   319  391
915   534  319
916   689  320
917   320  804
918   964  320
919   321  590
920   321  670
921   321  875
922   321  985
923   323  447
924   323  733
925   812  323
926   324  363
927   324  655
928   868  325
929   698  326
930   327  836
931   529  328
932   492  329
933   329  621
934   329  673
935   329  984
936   960  330
937   332  901
938   746  333
939   811  333
940   822  333
941   865  333
942   335  334
943   334  417
944   334  588
945   334  966
946   335  424
947   335  589
948   335  954
949   614  336
950   682  336
951   802  336
952   337  633
953   931  338
954   401  340
955   341  368
956   407  342
957   412  342
958   842  342
959   343  588
960   343  716
961   343  892
962   344  532
963   344  637
964   344  980
965   553  345
966   597  345
967   399  346
968   758  346
969   346  834
970   347  558
971   347  623
972   348  489
973   348  559
974   632  348
975   348  850
976   349  359
977   349  588
978   349  770
979   817  351
980   351  849
981   351  971
982   807  352
983   352  855
984   353  603
985   854  353
986   976  353
987   354  819
988   354  843
989   354  856
990   356  789
991   356  823
992   371  357
993   358  536
994   358  561
995   707  359
996   859  359
997   994  359
998   360  690
999   360  884
1000  360  942
1001  361  450
1002  361  558
1003  361  701
1004  918  361
1005  973  361
1006  375  362
1007  362  461
1008  784  364
1009  365  580
1010  365  598
1011  365  685
1012  365  732
1013  890  366
1014  972  366
1015  637  367
1016  368  713
1017  369  499
1018  571  369
1019  700  369
1020  370  390
1021  643  370
1022  370  753
1023  370  921
1024  371  994
1025  372  863
1026  404  373
1027  373  471
1028  997  373
1029  375  508
1030  942  375
1031  376  435
1032  568  377
1033  377  645
1034  377  917
1035  378  948
1036  402  379
1037  840  379
1038  380  680
1039  425  382
1040  465  382
1041  569  382
1042  382  579
1043  768  382
1044  803  383
1045  894  383
1046  384  738
1047  384  837
1048  608  385
1049  526  386
1050  388  501
1051  388  636
1052  390  435
1053  390  462
1054  390  499
1055  390  606
1056  390  794
1057  390  923
1058  672  392
1059  392  845
1060  393  870
1061  660  394
1062  395  866
1063  395  987
1064  743  396
1065  397  909
1066  398  856
1067  758  399
1068  399  996
1069  460  400
1070  401  417
1071  722  401
1072  401  823
1073  402  721
1074  403  419
1075  422  403
1076  550  403
1077  413  405
1078  406  547
1079  406  886
1080  406  934
1081  406  999
1082  408  486
1083  870  408
1084  930  408
1085  409  470
1086  409  581
1087  409  600
1088  409  604
1089  410  502
1090  410  961
1091  410  964
1092  411  430
1093  411  441
1094  412  897
1095  413  803
1096  414  897
1097  415  628
1098  415  833
1099  855  415
1100  416  798
1101  416  908
1102  445  417
1103  417  588
1104  417  966
1105  984  417
1106  871  419
1107  420  861
1108  946  420
1109  420  983
1110  420  985
1111  479  422
1112  422  877
1113  423  777
1114  424  913
1115  424  954
1116  887  425
1117  426  796
1118  822  428
1119  430  429
1120  429  578
1121  429  652
1122  429  667
1123  732  429
1124  429  739
1125  808  429
1126  430  759
1127  433  431
1128  669  431
1129  433  452
1130  433  467
1131  433  920
1132  434  554
1133  435  923
1134  436  580
1135  436  673
1136  436  812
1137  445  437
1138  437  743
1139  853  437
1140  963  437
1141  438  480
1142  439  647
1143  446  440
1144  440  505
1145  440  608
1146  440  709
1147  914  440
1148  441  603
1149  692  441
1150  772  441
1151  862  441
1152  442  777
1153  442  878
1154  443  752
1155  446  668
1156  446  744
1157  446  955
1158  880  448
1159  449  577
1160  482  450
1161  556  450
1162  912  450
1163  957  452
1164  453  607
1165  453  678
1166  453  787
1167  453  994
1168  454  806
1169  980  454
1170  551  455
1171  561  455
1172  998  455
1173  457  468
1174  584  457
1175  788  457
1176  473  458
1177  458  530
1178  689  458
1179  459  538
1180  689  459
1181  460  902
1182  460  979
1183  679  461
1184  812  461
1185  884  462
1186  886  462
1187  463  717
1188  466  741
1189  466  939
1190  467  797
1191  467  813
1192  760  468
1193  834  468
1194  529  469
1195  738  469
1196  470  905
1197  470  949
1198  503  471
1199  471  516
1200  471  949
1201  472  701
1202  472  800
1203  521  473
1204  473  530
1205  473  999
1206  474  644
1207  474  759
1208  474  987
1209  643  475
1210  835  475
1211  476  495
1212  690  477
1213  859  477
1214  478  799
1215  676  479
1216  479  877
1217  480  507
1218  480  605
1219  480  634
1220  503  481
1221  774  481
1222  482  929
1223  483  610
1224  584  484
1225  733  484
1226  638  487
1227  682  487
1228  544  488
1229  571  488
1230  642  488
1231  488  918
1232  577  490
1233  491  510
1234  802  492
1235  492  950
1236  493  773
1237  494  634
1238  494  876
1239  498  495
1240  496  829
1241  955  496
1242  497  642
1243  726  497
1244  497  833
1245  497  914
1246  498  652
1247  499  606
1248  696  499
1249  499  767
1250  500  655
1251  825  500
1252  942  500
1253  581  501
1254  915  501
1255  501  938
1256  543  502
1257  701  502
1258  770  502
1259  503  558
1260  503  949
1261  748  504
1262  506  571
1263  724  506
1264  506  766
1265  506  790
1266  737  508
1267  982  508
1268  913  509
1269  510  615
1270  566  511
1271  511  654
1272  692  513
1273  767  513
1274  932  513
1275  737  516
1276  660  517
1277  742  517
1278  552  518
1279  518  598
1280  700  518
1281  854  518
1282  640  519
1283  583  520
1284  521  617
1285  521  622
1286  522  733
1287  522  952
1288  524  567
1289  524  683
1290  718  524
1291  525  528
1292  526  541
1293  527  820
1294  759  528
1295  529  699
1296  530  575
1297  530  903
1298  998  530
1299  531  697
1300  871  531
1301  531  882
1302  532  565
1303  532  575
1304  532  590
1305  532  682
1306  968  532
1307  533  577
1308  533  622
1309  533  753
1310  877  533
1311  534  903
1312  534  923
1313  534  980
1314  535  734
1315  535  926
1316  970  535
1317  536  561
1318  791  536
1319  538  600
1320  538  709
1321  538  934
1322  544  539
1323  614  540
1324  652  541
1325  541  703
1326  866  541
1327  944  541
1328  997  541
1329  543  701
1330  543  799
1331  543  824
1332  946  543
1333  545  850
1334  547  791
1335  549  786
1336  550  606
1337  963  551
1338  705  554
1339  809  554
1340  554  827
1341  554  939
1342  555  711
1343  912  555
1344  556  729
1345  556  855
1346  872  556
1347  556  966
1348  557  621
1349  958  558
1350  632  559
1351  665  559
1352  719  559
1353  560  582
1354  560  636
1355  998  561
1356  570  562
1357  628  562
1358  707  562
1359  777  562
1360  923  562
1361  563  976
1362  564  604
1363  651  564
1364  564  738
1365  564  786
1366  564  844
1367  565  782
1368  836  565
1369  566  654
1370  566  810
1371  567  612
1372  567  769
1373  567  916
1374  569  910
1375  570  777
1376  570  958
1377  679  573
1378  958  573
1379  908  575
1380  638  576
1381  736  576
1382  577  656
1383  653  578
1384  808  578
1385  607  579
1386  645  579
1387  774  579
1388  865  579
1389  636  582
1390  583  606
1391  968  583
1392  999  584
1393  585  851
1394  585  857
1395  587  636
1396  840  588
1397  609  589
1398  589  711
1399  589  967
1400  995  590
1401  592  677
1402  593  874
1403  625  594
1404  698  594
1405  825  594
1406  595  981
1407  596  621
1408  822  596
1409  732  598
1410  823  598
1411  607  599
1412  771  599
1413  724  600
1414  804  600
1415  600  934
1416  839  601
1417  601  875
1418  731  602
1419  800  603
1420  854  603
1421  645  604
1422  607  798
1423  607  849
1424  607  940
1425  607  993
1426  902  608
1427  609  967
1428  610  611
1429  610  967
1430  891  611
1431  943  611
1432  613  843
1433  615  686
1434  618  800
1435  839  618
1436  638  619
1437  619  764
1438  876  619
1439  883  619
1440  620  916
1441  620  926
1442  768  622
1443  622  778
1444  877  622
1445  623  703
1446  623  720
1447  819  623
1448  633  624
1449  892  624
1450  889  625
1451  787  626
1452  984  626
1453  748  627
1454  761  627
1455  929  627
1456  690  629
1457  930  629
1458  630  740
1459  789  630
1460  632  892
1461  633  779
1462  685  634
1463  634  765
1464  813  634
1465  635  728
1466  635  821
1467  635  873
1468  644  637
1469  968  637
1470  883  638
1471  638  895
1472  638  934
1473  640  816
1474  642  694
1475  643  669
1476  643  753
1477  643  861
1478  644  987
1479  646  708
1480  895  647
1481  740  648
1482  649  957
1483  722  650
1484  650  905
1485  961  650
1486  651  786
1487  651  844
1488  856  654
1489  730  656
1490  849  656
1491  680  657
1492  658  908
1493  960  658
1494  852  661
1495  662  786
1496  931  662
1497  664  955
1498  666  751
1499  817  666
1500  669  694
1501  669  711
1502  669  985
1503  670  786
1504  671  734
1505  671  831
1506  672  768
1507  672  825
1508  812  673
1509  818  674
1510  675  725
1511  677  775
1512  798  677
1513  677  945
1514  679  749
1515  679  884
1516  886  679
1517  889  679
1518  683  931
1519  684  754
1520  732  685
1521  814  685
1522  876  686
1523  770  687
1524  687  783
1525  788  688
1526  942  690
1527  692  695
1528  790  692
1529  692  809
1530  692  833
1531  692  910
1532  790  695
1533  916  697
1534  698  725
1535  718  699
1536  722  699
1537  743  699
1538  937  699
1539  702  928
1540  704  919
1541  707  777
1542  759  708
1543  917  709
1544  713  749
1545  713  935
1546  732  715
1547  715  935
1548  716  892
1549  717  852
1550  718  937
1551  874  719
1552  921  720
1553  942  721
1554  722  744
1555  722  905
1556  891  723
1557  968  723
1558  724  829
1559  724  865
1560  726  865
1561  726  966
1562  881  728
1563  732  881
1564  796  733
1565  755  734
1566  737  793
1567  740  892
1568  740  926
1569  970  740
1570  742  830
1571  743  974
1572  744  753
1573  803  744
1574  784  745
1575  746  791
1576  886  749
1577  807  754
1578  770  757
1579  758  996
1580  760  994
1581  856  762
1582  878  764
1583  813  765
1584  769  846
1585  873  771
1586  902  775
1587  956  775
1588  982  776
1589  780  977
1590  810  781
1591  874  781
1592  825  782
1593  873  785
1594  840  786
1595  788  924
1596  789  876
1597  988  789
1598  887  790
1599  811  791
1600  791  905
1601  875  792
1602  795  857
1603  795  858
1604  800  810
1605  802  869
1606  964  804
1607  805  990
1608  980  806
1609  808  875
1610  808  928
1611  808  955
1612  874  810
1613  811  874
1614  811  884
1615  811  922
1616  819  843
1617  819  868
1618  929  820
1619  881  821
1620  822  959
1621  822  991
1622  952  827
1623  865  829
1624  963  830
1625  981  831
1626  988  831
1627  832  872
1628  832  928
1629  839  965
1630  840  960
1631  851  857
1632  855  870
1633  872  855
1634  860  910
1635  860  918
1636  861  985
1637  875  941
1638  875  985
1639  887  984
1640  888  969
1641  890  977
1642  897  954
1643  901  904
1644  998  903
1645  905  949
1646  961  905
1647  907  933
1648  918  910
1649  988  910
1650  976  912
1651  982  921
1652  922  937
1653  923 1000
1654  924  940
1655  925  947
1656  970  926
1657  974  928
1658  997  933
1659  999  934
1660  942  940
1661  952  940
1662  984  966
1663  992  966